00000,5,0
00001,6,0
00002,5,1
00003,2,0
00004,4,0
00005,3,0
00006,6,0
00007,4,0
00008,3,0
00009,6,0
00010,3,1
00011,7,0
00012,6,0
00013,5,0
00014,5,0
00015,7,0
00016,5,0
00017,5,0
00018,10,0
00019,7,0
00020,7,0
00021,4,0
00022,5,0
00023,7,0
00024,3,1
00025,7,0
00026,4,0
00027,4,0
00028,5,0
00029,5,0
00030,4,0
00031,4,0
00032,6,0
00033,3,0
00034,5,0
00035,3,0
00036,4,0
00037,6,0
00038,3,1
00039,3,1
00040,4,0
00041,3,0
00042,4,0
00043,6,1
00044,6,0
00045,6,0
00046,3,1
00047,5,0
00048,3,0
00049,2,0
00050,2,0
00051,6,0
00052,5,0
00053,9,0
00054,6,0
00055,5,0
00056,4,0
00057,3,0
00058,4,0
00059,4,0
00060,4,1
00061,6,0
00062,5,0
00063,7,0
00064,4,0
00065,4,0
00066,6,1
00067,6,0
00068,1,1
00069,3,0
00070,4,0
00071,4,1
00072,6,0
00073,6,0
00074,3,1
00075,6,0
00076,6,0
00077,4,0
00078,3,0
00079,4,0
00080,5,0
00081,4,0
00082,6,0
00083,3,1
00084,5,0
00085,3,0
00086,6,0
00087,4,0
00088,4,1
00089,6,0
00090,6,0
00091,6,0
00092,4,0
00093,4,0
00094,5,0
00095,4,0
00096,4,0
00097,2,0
00098,4,0
00099,3,0
00100,6,0
00101,5,0
00102,5,0
00103,4,0
00104,3,0
00105,4,0
00106,7,0
00107,8,0
00108,5,0
00109,4,0
00110,3,1
00111,6,0
00112,4,0
00113,4,1
00114,5,0
00115,4,1
00116,3,0
00117,2,0
00118,6,0
00119,4,0
00120,3,1
00121,6,0
00122,5,0
00123,6,0
00124,6,0
00125,3,1
00126,3,0
00127,6,0
00128,3,0
00129,4,0
00130,8,0
00131,5,0
00132,4,0
00133,4,0
00134,5,0
00135,3,0
00136,3,1
00137,5,0
00138,6,0
00139,5,0
00140,4,1
00141,4,0
00142,4,0
00143,7,0
00144,5,0
00145,4,0
00146,4,1
00147,5,0
00148,4,0
00149,5,0
00150,6,0
00151,1,0
00152,6,1
00153,9,0
00154,5,0
00155,3,0
00156,3,0
00157,6,0
00158,6,0
00159,4,0
00160,5,0
00161,4,0
00162,7,0
00163,8,0
00164,6,0
00165,3,0
00166,8,0
00167,5,0
00168,2,0
00169,5,0
00170,5,1
00171,4,0
00172,3,0
00173,4,0
00174,3,0
00175,3,0
00176,3,0
00177,5,0
00178,4,0
00179,3,1
00180,5,0
00181,5,1
00182,6,0
00183,2,1
00184,2,0
00185,7,0
00186,6,1
00187,4,0
00188,1,0
00189,4,0
00190,2,0
00191,6,0
00192,5,0
00193,9,0
00194,6,0
00195,4,1
00196,6,0
00197,5,0
00198,6,0
00199,5,0
00200,5,0
00201,5,0
00202,5,0
00203,3,0
00204,5,0
00205,9,0
00206,5,0
00207,8,0
00208,4,0
00209,3,0
00210,5,0
00211,4,0
00212,5,0
00213,5,0
00214,7,0
00215,6,0
00216,4,0
00217,4,0
00218,6,0
00219,1,1
00220,4,0
00221,4,0
00222,4,1
00223,5,0
00224,4,0
00225,5,1
00226,4,0
00227,3,1
00228,7,0
00229,4,0
00230,6,0
00231,2,0
00232,7,0
00233,3,0
00234,6,0
00235,7,0
00236,6,0
00237,4,0
00238,2,1
00239,5,0
00240,6,0
00241,6,0
00242,6,0
00243,8,0
00244,3,0
00245,2,1
00246,8,0
00247,8,0
00248,3,0
00249,5,0
00250,7,0
00251,4,0
00252,4,0
00253,4,0
00254,5,0
00255,6,0
00256,5,0
00257,5,0
00258,6,0
00259,7,0
00260,6,0
00261,6,0
00262,6,0
00263,5,0
00264,5,1
00265,4,0
00266,5,1
00267,5,1
00268,2,0
00269,6,0
00270,7,0
00271,6,0
00272,5,0
00273,5,0
00274,10,0
00275,8,0
00276,5,0
00277,3,0
00278,3,0
00279,9,0
00280,7,0
00281,4,1
00282,4,0
00283,8,0
00284,5,0
00285,4,0
00286,4,0
00287,3,0
00288,6,0
00289,5,1
00290,3,0
00291,4,0
00292,3,0
00293,5,0
00294,5,0
00295,6,0
00296,6,0
00297,5,0
00298,6,0
00299,7,0
00300,4,0
00301,5,0
00302,3,0
00303,9,0
00304,5,1
00305,3,0
00306,4,0
00307,4,0
00308,2,0
00309,6,1
00310,7,1
00311,5,0
00312,5,0
00313,3,0
00314,3,0
00315,3,0
00316,8,0
00317,4,0
00318,6,0
00319,3,0
00320,4,0
00321,4,0
00322,6,0
00323,5,0
00324,2,0
00325,5,0
00326,8,0
00327,2,0
00328,5,0
00329,5,0
00330,4,0
00331,5,0
00332,4,0
00333,5,0
00334,6,0
00335,3,0
00336,2,1
00337,5,0
00338,4,0
00339,6,0
00340,5,0
00341,5,0
00342,5,0
00343,5,0
00344,5,1
00345,5,1
00346,5,0
00347,7,0
00348,3,0
00349,5,1
00350,4,0
00351,5,0
00352,5,0
00353,4,0
00354,7,0
00355,2,1
00356,7,0
00357,4,0
00358,7,0
00359,3,0
00360,8,0
00361,5,0
00362,5,0
00363,5,0
00364,7,0
00365,5,0
00366,5,0
00367,4,1
00368,8,0
00369,3,0
00370,5,0
00371,3,0
00372,5,0
00373,4,0
00374,6,0
00375,6,0
00376,6,0
00377,7,0
00378,4,0
00379,3,1
00380,4,0
00381,5,0
00382,6,0
00383,7,0
00384,6,0
00385,5,0
00386,5,2
00387,3,0
00388,4,0
00389,2,0
00390,6,0
00391,5,0
00392,4,0
00393,5,1
00394,3,0
00395,9,0
00396,4,0
00397,6,1
00398,5,0
00399,3,1
00400,3,0
00401,7,0
00402,5,0
00403,4,0
00404,5,0
00405,2,0
00406,7,0
00407,3,0
00408,3,0
00409,4,0
00410,6,0
00411,5,0
00412,3,0
00413,4,0
00414,5,0
00415,9,0
00416,4,0
00417,4,1
00418,5,0
00419,8,0
00420,4,0
00421,4,1
00422,6,0
00423,2,0
00424,4,0
00425,5,0
00426,5,0
00427,8,0
00428,4,0
00429,7,0
00430,5,0
00431,3,0
00432,4,0
00433,2,0
00434,8,0
00435,3,0
00436,6,0
00437,5,0
00438,4,0
00439,5,0
00440,7,0
00441,2,1
00442,5,0
00443,6,0
00444,5,0
00445,5,0
00446,3,1
00447,7,0
00448,6,0
00449,6,0
00450,9,0
00451,3,0
00452,5,1
00453,3,0
00454,6,0
00455,3,0
00456,4,0
00457,6,0
00458,4,1
00459,4,0
00460,5,0
00461,5,0
00462,5,0
00463,9,0
00464,6,0
00465,4,0
00466,4,0
00467,5,0
00468,7,0
00469,4,0
00470,8,0
00471,5,0
00472,6,0
00473,4,0
00474,3,1
00475,5,0
00476,5,0
00477,4,1
00478,10,0
00479,3,1
00480,9,0
00481,4,0
00482,5,0
00483,7,0
00484,4,1
00485,10,0
00486,7,0
00487,4,0
00488,8,0
00489,3,0
00490,10,0
00491,3,0
00492,5,0
00493,6,0
00494,3,0
00495,6,0
00496,4,0
00497,5,0
00498,4,0
00499,6,0
00500,5,0
00501,5,0
00502,7,0
00503,4,0
00504,5,0
00505,1,0
00506,5,0
00507,4,2
00508,6,0
00509,6,0
00510,6,0
00511,6,0
00512,4,0
00513,2,0
00514,6,0
00515,5,0
00516,6,0
00517,4,0
00518,5,0
00519,6,1
00520,6,0
00521,4,0
00522,5,0
00523,2,0
00524,5,0
00525,5,1
00526,1,0
00527,5,0
00528,4,0
00529,5,0
00530,6,0
00531,6,0
00532,6,0
00533,4,0
00534,2,0
00535,5,0
00536,6,0
00537,5,0
00538,5,0
00539,4,0
00540,8,0
00541,6,1
00542,6,0
00543,4,0
00544,8,0
00545,2,0
00546,9,0
00547,5,0
00548,5,0
00549,7,0
00550,3,1
00551,4,0
00552,2,0
00553,6,0
00554,5,0
00555,3,1
00556,6,0
00557,4,0
00558,6,0
00559,6,0
00560,6,0
00561,4,0
00562,3,0
00563,3,0
00564,8,0
00565,4,0
00566,7,0
00567,5,0
00568,8,1
00569,4,0
00570,4,0
00571,5,0
00572,4,1
00573,2,0
00574,7,0
00575,4,1
00576,5,0
00577,8,0
00578,5,0
00579,7,0
00580,4,0
00581,4,0
00582,2,0
00583,2,0
00584,6,0
00585,2,0
00586,7,0
00587,7,0
00588,6,0
00589,5,0
00590,6,0
00591,7,0
00592,2,0
00593,2,0
00594,6,0
00595,4,0
00596,5,0
00597,4,0
00598,4,0
00599,6,0
00600,5,0
00601,4,0
00602,6,0
00603,5,0
00604,4,0
00605,3,0
00606,5,0
00607,8,0
00608,6,0
00609,4,0
00610,5,1
00611,7,0
00612,3,0
00613,7,0
00614,4,0
00615,2,0
00616,4,0
00617,4,0
00618,6,0
00619,6,0
00620,7,0
00621,7,0
00622,6,0
00623,5,0
00624,3,0
00625,4,0
00626,2,0
00627,5,0
00628,6,0
00629,4,0
00630,5,0
00631,7,0
00632,5,0
00633,6,0
00634,4,0
00635,11,0
00636,5,0
00637,3,0
00638,5,0
00639,4,0
00640,5,0
00641,6,0
00642,5,0
00643,6,0
00644,8,0
00645,5,0
00646,6,0
00647,7,0
00648,5,0
00649,6,1
00650,4,0
00651,4,0
00652,5,0
00653,5,0
00654,5,0
00655,4,0
00656,4,0
00657,4,1
00658,7,0
00659,5,0
00660,3,0
00661,4,0
00662,2,0
00663,4,1
00664,3,0
00665,7,0
00666,6,0
00667,6,0
00668,3,0
00669,4,0
00670,3,0
00671,4,0
00672,4,0
00673,5,0
00674,4,0
00675,6,0
00676,6,0
00677,6,0
00678,4,0
00679,6,0
00680,3,0
00681,4,0
00682,5,0
00683,7,0
00684,6,0
00685,4,1
00686,5,1
00687,6,0
00688,4,0
00689,6,1
00690,6,0
00691,6,0
00692,8,0
00693,6,0
00694,4,0
00695,2,0
00696,5,1
00697,5,0
00698,3,0
00699,4,0
00700,5,0
00701,3,0
00702,5,0
00703,3,1
00704,11,0
00705,7,0
00706,8,0
00707,4,0
00708,5,0
00709,5,0
00710,3,0
00711,2,0
00712,6,0
00713,5,0
00714,4,0
00715,6,0
00716,4,0
00717,2,0
00718,2,0
00719,4,0
00720,7,0
00721,5,0
00722,6,0
00723,5,0
00724,7,0
00725,3,0
00726,5,1
00727,6,0
00728,6,0
00729,3,0
00730,4,0
00731,6,0
00732,5,0
00733,7,0
00734,8,1
00735,3,0
00736,6,0
00737,5,0
00738,3,1
00739,7,0
00740,5,0
00741,4,0
00742,3,1
00743,4,1
00744,5,1
00745,6,0
00746,6,0
00747,6,0
00748,10,0
00749,5,0
00750,6,0
00751,4,0
00752,5,0
00753,8,0
00754,6,0
00755,9,0
00756,5,0
00757,3,0
00758,6,0
00759,4,0
00760,4,0
00761,5,1
00762,7,0
00763,5,0
00764,3,0
00765,7,0
00766,3,0
00767,4,1
00768,6,0
00769,3,0
00770,4,0
00771,3,0
00772,7,0
00773,3,0
00774,4,0
00775,3,0
00776,6,0
00777,4,0
00778,5,1
00779,3,0
00780,5,1
00781,5,0
00782,5,0
00783,6,1
00784,4,0
00785,7,0
00786,4,0
00787,6,0
00788,2,1
00789,6,0
00790,6,0
00791,4,0
00792,7,0
00793,5,0
00794,4,0
00795,5,0
00796,5,0
00797,5,0
00798,4,0
00799,3,1
00800,5,0
00801,4,0
00802,5,0
00803,8,0
00804,6,0
00805,3,0
00806,6,1
00807,4,0
00808,5,0
00809,5,0
00810,5,0
00811,4,0
00812,7,1
00813,4,0
00814,6,0
00815,5,0
00816,6,0
00817,5,0
00818,7,0
00819,4,0
00820,5,0
00821,7,0
00822,6,1
00823,5,0
00824,6,0
00825,5,0
00826,6,0
00827,5,0
00828,8,0
00829,4,0
00830,7,0
00831,5,0
00832,6,0
00833,7,0
00834,4,0
00835,5,0
00836,3,0
00837,7,0
00838,4,0
00839,5,0
00840,8,0
00841,3,0
00842,5,0
00843,4,0
00844,4,0
00845,4,0
00846,5,0
00847,6,0
00848,7,0
00849,5,1
00850,7,0
00851,5,0
00852,5,0
00853,4,0
00854,5,0
00855,6,0
00856,4,0
00857,4,0
00858,4,0
00859,5,0
00860,5,0
00861,8,0
00862,4,1
00863,7,0
00864,4,0
00865,3,0
00866,6,0
00867,6,0
00868,8,0
00869,7,0
00870,6,0
00871,6,0
00872,9,0
00873,4,0
00874,5,0
00875,4,0
00876,5,0
00877,6,0
00878,4,0
00879,7,0
00880,4,0
00881,5,0
00882,5,0
00883,4,0
00884,9,0
00885,4,1
00886,8,0
00887,5,0
00888,7,0
00889,8,0
00890,7,0
00891,3,1
00892,5,0
00893,8,0
00894,4,1
00895,5,0
00896,3,0
00897,2,0
00898,6,0
00899,6,0
